      0/29       12G   0.07618   0.02064         0   0.09682        13       704    0.1468    0.3458   0.07759   0.01701    0.1033   0.02102         0
      1/29     11.9G   0.06189    0.0138         0   0.07569        12       704    0.5219    0.5794    0.4577    0.1105   0.09544   0.01606         0
      2/29     11.9G   0.05344   0.01014         0   0.06359         7       704    0.6256    0.6822    0.6673    0.1398   0.09701   0.01419         0
      3/29     11.9G   0.04807  0.008291         0   0.05636         9       704    0.5056    0.7383    0.5252    0.1264   0.09534   0.01301         0
      4/29     11.9G   0.04485  0.007506         0   0.05235        11       704    0.5389    0.8318    0.6626    0.2134   0.09184   0.01269         0
      5/29     11.9G   0.04499  0.007936         0   0.05292         5       704    0.7272    0.7196    0.8163    0.2447   0.08619   0.01296         0
      6/29     11.9G   0.04215  0.007464         0   0.04962        11       704    0.5048    0.6075     0.539    0.1914   0.09123   0.01334         0
      7/29     11.9G    0.0387  0.007237         0   0.04593        11       704    0.6533    0.6075     0.663    0.2734   0.08989   0.01236         0
      8/29     11.9G   0.04256  0.006166         0   0.04873        13       704    0.6758     0.785    0.6379    0.2822   0.09193   0.01115         0
      9/29     11.9G   0.04142  0.005717         0   0.04714        17       704    0.2855    0.7383    0.2714   0.05573   0.09869   0.01117         0
     10/29     11.9G   0.03757  0.006555         0   0.04413        10       704    0.8109     0.729    0.7702    0.2285   0.09043   0.01154         0
     11/29     11.9G    0.0337  0.006639         0   0.04034        10       704    0.9565    0.8879    0.9713    0.5107   0.08113   0.01203         0
     12/29     11.9G   0.03796  0.006569         0   0.04453        13       704    0.8922    0.8692    0.9423    0.4122   0.07883   0.01232         0
     13/29     11.9G   0.03467  0.006352         0   0.04102        12       704    0.8353    0.9009    0.9363    0.4958   0.06773   0.01445         0
     14/29     11.9G   0.03296  0.006566         0   0.03952         5       704    0.9339    0.9249    0.9671    0.5351   0.06488   0.01467         0
     15/29     11.9G   0.03496  0.005457         0   0.04041         6       704    0.8867    0.9533    0.9708    0.4755   0.07111   0.01301         0
     16/29     11.9G   0.03395  0.005509         0   0.03946         9       704    0.9528    0.9439    0.9716     0.549   0.06723   0.01319         0
     17/29     11.9G   0.02671  0.005113         0   0.03182         4       704    0.9415    0.9065    0.9683    0.5201   0.06376   0.01382         0
     18/29     11.9G   0.02732  0.004955         0   0.03227        18       704    0.9705    0.9346     0.985    0.5903   0.06105   0.01419         0
     19/29     11.9G   0.02592  0.004714         0   0.03064         5       704    0.9697    0.8969    0.9757      0.61   0.06012   0.01382         0
     20/29     11.9G   0.02938  0.004711         0   0.03409        13       704    0.9123    0.9719    0.9859     0.609   0.05777   0.01367         0
     21/29     11.9G   0.03021  0.004426         0   0.03463         9       704    0.9203    0.9718    0.9828    0.6259   0.05653   0.01357         0
     22/29     11.9G   0.02914  0.004031         0   0.03317        10       704    0.9903    0.9626    0.9918     0.641   0.05887   0.01259         0
     23/29     11.9G   0.02588  0.004175         0   0.03006        11       704    0.9717    0.9622    0.9914    0.6168   0.05917    0.0126         0
     24/29     11.9G   0.02505  0.003788         0   0.02883         6       704    0.9904    0.9625    0.9917    0.6107   0.05941   0.01253         0
     25/29     11.9G   0.02379  0.004028         0   0.02782        12       704    0.9902    0.9533     0.993    0.6236   0.05903    0.0124         0
     26/29     11.9G   0.02591  0.003564         0   0.02947         6       704    0.9719     0.972    0.9928    0.6297   0.05847   0.01238         0
     27/29     11.9G   0.02266  0.003701         0   0.02636         6       704    0.9904     0.972    0.9934     0.629   0.05863   0.01221         0
     28/29     11.9G    0.0243   0.00351         0   0.02781        10       704    0.9903    0.9813    0.9936    0.6343   0.06005   0.01193         0
     29/29     11.9G   0.02349  0.003574         0   0.02706         7       704    0.9904    0.9813    0.9937    0.6329   0.05911   0.01203         0
